m = 10;
b = 0.1;